C:\Users\M11015101\Downloads\autostitch\images\test\DSC00122.JPG
4912 3264

8 0 1631.5 
0 8 2455.5 
0 0 1 

0.998997 0.00936789 0.0437852 
-0.00935892 0.999956 -0.00041035 
-0.0437871 1.86781e-007 0.999041 

666.95

C:\Users\M11015101\Downloads\autostitch\images\test\DSC00123.JPG
4912 3264

8 0 1631.5 
0 8 2455.5 
0 0 1 

0.998541 -0.027865 0.0462509 
0.00183533 0.873576 0.486684 
-0.0539652 -0.485889 0.872353 

667.752

C:\Users\M11015101\Downloads\autostitch\images\test\DSC00124.JPG
4912 3264

8 0 1631.5 
0 8 2455.5 
0 0 1 

0.997625 -0.0608374 0.0323034 
0.00713483 0.557714 0.830003 
-0.0685113 -0.827801 0.556823 

668.862

C:\Users\M11015101\Downloads\autostitch\images\test\DSC00125.JPG
4912 3264

8 0 1631.5 
0 8 2455.5 
0 0 1 

0.996876 -0.0781327 0.0115882 
0.00596216 0.220723 0.975318 
-0.0787621 -0.972202 0.2205 

669.435

C:\Users\M11015101\Downloads\autostitch\images\test\DSC00126.JPG
4912 3264

8 0 1631.5 
0 8 2455.5 
0 0 1 

0.996183 -0.085952 -0.0152133 
2.21747e-005 -0.174039 0.984739 
-0.087288 -0.98098 -0.173373 

669.253

C:\Users\M11015101\Downloads\autostitch\images\test\DSC00127.JPG
4912 3264

8 0 1631.5 
0 8 2455.5 
0 0 1 

0.995336 -0.0866787 -0.0423404 
-0.00634039 -0.496743 0.867875 
-0.0962586 -0.863558 -0.494976 

668.272

C:\Users\M11015101\Downloads\autostitch\images\test\DSC00128.JPG
4912 3264

8 0 1631.5 
0 8 2455.5 
0 0 1 

0.99506 -0.0760771 -0.0637877 
-0.0200204 -0.783063 0.62162 
-0.0972409 -0.617272 -0.780718 

668.224

C:\Users\M11015101\Downloads\autostitch\images\test\DSC00121.JPG
4912 3264

8 0 1631.5 
0 8 2455.5 
0 0 1 

0.999018 0.028917 0.0335649 
-0.0171999 0.951338 -0.307669 
-0.0408284 0.30679 0.950901 

667.011

