C:\Users\M11015101\Downloads\autostitch\images\test\DSC00130.JPG
4912 3264

8 0 1631.5 
0 8 2455.5 
0 0 1 

0.99196 0.00230187 0.126534 
-0.00228338 0.999997 -0.000291125 
-0.126534 -6.0462e-008 0.991962 

1458.85

C:\Users\M11015101\Downloads\autostitch\images\test\DSC00131.JPG
4912 3264

8 0 1631.5 
0 8 2455.5 
0 0 1 

0.991283 -0.0358845 0.126769 
0.00852898 0.977653 0.210051 
-0.131474 -0.207139 0.969437 

1465.07

C:\Users\M11015101\Downloads\autostitch\images\test\DSC00132.JPG
4912 3264

8 0 1631.5 
0 8 2455.5 
0 0 1 

0.990592 -0.0627077 0.121636 
0.0138124 0.930111 0.367019 
-0.13615 -0.361885 0.922226 

1507.51

C:\Users\M11015101\Downloads\autostitch\images\test\DSC00133.JPG
4912 3264

8 0 1631.5 
0 8 2455.5 
0 0 1 

0.989763 -0.0756855 0.120998 
-0.00469741 0.830068 0.557642 
-0.142642 -0.552502 0.821215 

1688.02

C:\Users\M11015101\Downloads\autostitch\images\test\DSC00134.JPG
4912 3264

8 0 1631.5 
0 8 2455.5 
0 0 1 

0.989633 -0.0948942 0.107802 
-0.0054219 0.725396 0.688311 
-0.143516 -0.68176 0.717361 

1705.73

C:\Users\M11015101\Downloads\autostitch\images\test\DSC00135.JPG
4912 3264

8 0 1631.5 
0 8 2455.5 
0 0 1 

0.98927 -0.117049 0.0874342 
-0.00169304 0.589229 0.807964 
-0.14609 -0.799443 0.582708 

1702.84

C:\Users\M11015101\Downloads\autostitch\images\test\DSC00136.JPG
4912 3264

8 0 1631.5 
0 8 2455.5 
0 0 1 

0.989035 -0.129427 0.0711294 
-0.00146655 0.472997 0.881062 
-0.147678 -0.871505 0.467621 

1735.9

C:\Users\M11015101\Downloads\autostitch\images\test\DSC00129.JPG
4912 3264

8 0 1631.5 
0 8 2455.5 
0 0 1 

0.992408 0.0366969 0.117389 
-0.00962163 0.97469 -0.223355 
-0.122615 0.22053 0.967643 

1440.07

